



																			38							49
																														68
12			13																39					50	48	51				
										23		24		25														69		67
11	9		8		7				22						26				40					47		52		70		
			14																		58									66
10			15						21						27			37	41			57	46			53		71		72		73
	4		5		6					33		34		35			36							56	55	54				65
			16						20						28				42			45		59								
			17																									62		64		74
			18						19						29				43		44				60				63	
	3		2		1					32		31		30												61		